4292.093979274119
3468.6963378241735
3443.1605133694075
3433.8771891736046
3428.3435921231517
3424.1729984429485
3421.120766401213
3418.7469839225996
3416.4118497193167
3414.4440844275505
3412.440863751611
3410.6465210733254
3409.0135600255144
3407.828801597129
3406.614686573917
3405.348619533868
3403.879972210023
3402.4599352017785
3400.6049413304436
3398.4835025635516
3396.4503913590497
3394.498279149446
3392.6385673344253
3390.574933345304
3388.2408982400316
3385.945677397648
3383.644519964651
3381.3471770664746
3379.071768466391
3376.9061201468085
3374.86572041902
3372.7470693075834
3370.679695018536
3368.8020144909347
3367.078404372282
3365.4284726916517
3363.5180227427154
3361.5044352044524
3359.567836902659
3357.6994851742597
3356.075201494575
3354.6152534564762
3353.3437071308554
3352.335510480809
3351.321018381074
3350.1888786790323
3348.985883309517
3347.780406455964
3346.5534605142593
3345.199031162315
3343.751169397896
3342.243964528533
3340.5999192427143
3339.0387078681683
3337.450064806221
3335.923911769075
3334.5058497032032
3333.1150908016352
3331.899056124837
3330.6460139440615
3329.390198500818
3328.2085720215514
3326.942245522004
3325.6903331491635
3324.731009673131
3323.9414807388216
3323.252399237465
3322.621871481046
3321.966053962298
3321.3863407367453
3320.7252626481722
3320.1258695526835
3319.5913971475425
3319.042673119391
3318.3179305943013
3317.530619079285
3316.6666483553036
3315.6227629071536
3314.6336580402417
3313.929465632325
3313.255518125941
3312.461244955732
3311.738311092058
3310.991010500956
3310.235490785789
3309.330568837568
3308.2826330791786
3307.2518796395166
3306.6054579567126
3305.799861116069
3305.253415207178
3305.255269419066